animeTitle	animeType	animeNumEpisode	releaseDate	endDate	animeNumMembers	animeScore	animeUsers	animeRank	animePopularity	animeDescription	animeRelated	animeCharacters	animeVoices	animeStaff
Unbelievable Space Love	ONA	10	07/17/2018	07/17/2018	924	6.73	274	4953	11608	No synopsis information has been added to this title. Help improve our database by adding a synopsis here.	...	NA	NA	NA
